1660703096
1660703096
1660703096
1660703096
1660703097
1660703097
1660703097
1660703097
1660703097
1660703097
1660703098
1660703098
1660703098
1660703098
1660703098
1660703098
1660703098
1660703098
1660703098
1660703098
1660703098
1660703098
1660703098
1660703098
1660703098
1660703098
1660703098
1660703098
1660703098
1660703098
1660703098
1660703098
1660703098
1660703098
1660703098
1660703098
1660703098
1660703099
1660703099
1660703099
1660703099
1660703099
1660703099
1660703099
1660703099
1660703099
1660703099
1660703099
1660703099
1660703099
1660703099
1660703099
1660703099
1660703099
1660703099
1660703099
1660703099
1660703099
1660703099
1660703099
1660703099
1660703099
1660703099
1660703099
1660703099
1660703099
1660703099
1660703099
1660703099
1660703099
1660703099
1660703099
1660703099
1660703099
1660703099
1660703099
1660703099
1660703099
1660703099
1660703099
1660703099
1660703099
1660703099
1660703099
1660703099
1660703099
1660703099
1660703099
1660703099
1660703099
1660703099
1660703099
1660703099
1660703099
1660703099
1660703099
1660703099
1660703099
1660703099
1660703099
1660703099
1660703099
1660703099
1660703100
1660703100
1660703100
1660703100
1660703100
1660703100
1660703100
1660703100
1660703100
1660703100
1660703100
1660703100
1660703100
1660703100
1660703100
1660703100
1660703100
1660703100
1660703100
1660703100
1660703100
1660703100
1660703100
1660703100
1660703100
1660703100
1660703100
1660703100
1660703100
1660703100
1660703100
1660703100
1660703100
1660703100
1660703100
1660703100
1660703100
1660703100
1660703100
1660703100
1660703100
1660703100
1660703100
1660703100
1660703100
1660703100
1660703100
1660703100
1660703100
1660703100
1660703100
1660703100
1660703100
1660703100
1660703100
1660703100
1660703100
1660703100
1660703100
1660703100
1660703100
1660703100
1660703100
1660703100
1660703100
1660703100
1660703100
1660703100
1660703100
1660703100
1660703100
1660703100
1660703100
1660703100
1660703100
1660703102
1660703104
